id,manual_filename,type,question,expected,actual_answer,sources,latency_ms,status_code,error,ai_score,ai_reason
service_manual_18_q01,Service-Manual-18.pdf,procedural,My aircon is on but the room is still hot. What should I check?,"For no cooling or poor cooling with no error code, the manual says the unit should first be operated for at least 15 minutes before diagnosis. The user or technician should check whether there are obstacles blocking heat release or air suction, whether the indoor air filters are clean, and whether the remote controller temperature setting is correct. In cooling operation, the temperature difference between intake air and discharge air should be more than 8°C. If performance is still poor, possible causes include heat releasing obstruction, dirty condenser, lack of refrigerant gas, excess refrigerant, air or moisture mixed in the system, clogged capillary or expansion valve malfunction, or compressor malfunction.","Check if the indoor unit air filter is clean, as a dirty filter can obstruct heat suction. Also, ensure the setting temperature on the remote controller is correct and not set higher than the room temperature.","[{""source"": ""Service-Manual-18.pdf"", ""page"": 37, ""score"": -5.0134, ""snippet"": ""or rain, be careful that heat radiation from  the condenser is not obstructed.   There should not be any animal or plant which  could be affected by hot air discharged.   Keep the spaces indicated by arrows from wall,  ceiling, fence or other obstacles.   Do not place any obstacles which may cause a  short circuit of the discharged air.   If piping length is over the [piping length for  additional gas], additional refrigerant should be  added as shown in the table.""}, {""source"": ""Service-Manual-18.pdf"", ""page"": 69, ""score"": -7.7791, ""snippet"": ""t to remove the outdoor unit cover or fallen leaves blocking the outdoor unit)  2) Are the indoor unit air filter s clean? (obstructing heat suction)  3) Is the setting temperature on the remote controller correct? (is the setting temperature set at lower/higher  than the room temperature?)  13.8.2 Understanding and verifi cation of refrigerant cycle""}, {""source"": ""Service-Manual-18.pdf"", ""page"": 114, ""score"": -8.3758, ""snippet"": ""● Replace the indoor intake air temperature sensor ● Detect in indoor unit PCB ●R e place the indoor unit PCB Check the connector connection: ● Plug out connector from the indoor unit PCB ● Measure the resistance of the indoor pipe temperature sensor Is the connector connection normal? ● Connector poor contact ● Correct the connection YES NO Is the measured resistance of the indoor intake air temperature sensor matches the value specified in its characteristic chart? NO YES""}, {""source"": ""Service-Manual-18.pdf"", ""page"": 85, ""score"": -8.4108, ""snippet"": ""nds.   Initilization is finish and Wi reless LAN LED will off automatically.  14.14.6 To Check Wireless LAN Signal Strength   Confirm the air conditioner oper ation is stopped and press the Wireless LAN button for 5 seconds.   Select “4” in the remocon then press set button and operation stops.   After 5 seconds, the signal s trength is shown on the indoor unit Wireless LAN LED.  Strong Signal: Blink 3 times with an interval.  Moderate Signal: Blink 2 times with an interval.""}]",100673.2,200,,Partial,"The chatbot's answer includes a relevant point about the indoor unit air filter being clean, which is correct. However, it misses important details such as checking for obstacles blocking heat release or air suction, ensuring the remote controller temperature setting is correct and not set higher than room temperature, and monitoring the temperature difference between intake and discharge air."
service_manual_18_q02,Service-Manual-18.pdf,procedural,"The AC is supposed to heat the room, but the air does not feel warm enough. What does the manual say to do?","The manual says to operate the unit in cooling or heating mode for 15 minutes or more before evaluating performance. For heating operation, the difference between the intake temperature and discharge air temperature should be more than 14°C. Initial checks include confirming that airflow is not blocked, the indoor air filters are clean, and the remote controller setting temperature is correct.","The manual does not provide specific steps to address the issue of the air not feeling warm enough when the AC is supposed to heat the room. It only mentions that during heating mode, the indoor fan runs continuously while the outdoor fan and compressor stop.","[{""source"": ""Service-Manual-18.pdf"", ""page"": 72, ""score"": -3.5292, ""snippet"": ""setting temperature < -2.0°C, HEAT mode is decided.      14.1.6 Fan Operation   Fan Operation is used to circulate air in a room.   During operation, indoor fan r un continuously but outdoor fan and compressor stop.   Temperature setting is not applicable.  14.2 Indoor Fan Motor Operation  14.2.1 Basic Rotation Speed (rpm)  A. Basic Rotation Speed (rpm)  i. Manual Fan Speed  [Cooling, Dry]   Fan motor’s number of rotation is determined according to remo te control setting.""}, {""source"": ""Service-Manual-18.pdf"", ""page"": 37, ""score"": -3.9798, ""snippet"": ""or rain, be careful that heat radiation from  the condenser is not obstructed.   There should not be any animal or plant which  could be affected by hot air discharged.   Keep the spaces indicated by arrows from wall,  ceiling, fence or other obstacles.   Do not place any obstacles which may cause a  short circuit of the discharged air.   If piping length is over the [piping length for  additional gas], additional refrigerant should be  added as shown in the table.""}, {""source"": ""Service-Manual-18.pdf"", ""page"": 37, ""score"": -5.7181, ""snippet"": ""37  12. Installation Instruction  12.1 Select the Best Location  12.1.1 Indoor Unit   Do not install the unit in excessive oil fume area  such as kitchen, workshop and etc.   There should not be any heat source or steam  near the unit.   There should not be any obs tacles blocking the air  circulation.   A place where air circulation in the room is good.   A place where drainage can be easily done.   A place where noise prevention is taken into  consideration.""}, {""source"": ""Service-Manual-18.pdf"", ""page"": 153, ""score"": -6.2145, ""snippet"": ""153  20. Service Data  Service data provided are based on the air conditioner running under rated frequency during forced cooling / forced  heating mode.  20.1 Cool Mode Outdoor Air Temperature Characteristic  Condition  - Indoor room temperature: 27°C Dry Bulb/19°C Wet Bulb  - Unit setting: Standard piping l ength, forced cooling at 16°C, Hi fan  - Compressor frequency: Rated for cooling operation  - Piping length: 5m  - Voltage: 230V  20.1.1 CS-NZ25YKE CU-NZ25YKE        Indoor Discharge""}]",103962.71,200,,Wrong,"The chatbot's answer does not address the issue of air not feeling warm enough when the AC is supposed to heat the room. Instead, it only mentions that during heating mode, the indoor fan runs continuously while the outdoor fan and compressor stop, which is unrelated to the user's concern."
service_manual_18_q03,Service-Manual-18.pdf,procedural,The timer light keeps blinking on my air conditioner. What does that mean?,"The manual states that if the Timer LED is blinking, an abnormal operation has occurred. To identify the abnormality, the self-diagnosis method uses the remote controller CHECK function. Press CHECK continuously for 5 seconds until '--' appears, then press the TIMER up or down button to transmit abnormality codes. When the transmitted code matches the latest abnormality stored in the main unit, the Power LED lights for 30 seconds and a continuous beep sounds for 4 seconds.","If the Timer LED on your air conditioner keeps blinking, it indicates that there has been an abnormality during operation. The unit has stopped working due to this issue, and the Timer LED blinks as a warning signal. After repairing the breakdown, the Timer LED should no longer blink, and the last error code will be stored in the unit's IC memory. To diagnose the problem, you can press the CHECK button on the remote controller for 5 seconds,","[{""source"": ""Service-Manual-18.pdf"", ""page"": 105, ""score"": 1.136, ""snippet"": ""105  17.2 Breakdown Self Diagnosis Function  17.2.1 Self Diagnosis Function (Thr ee Digits Alphanumeric Code)   Once abnormality has occurred during operation,  the unit will stop its operation, and Timer LED  blinks.   Although Timer LED goes off when power supply  is turned off, if the unit is operated under a  breakdown condition, the LED will light up again.   In operation after brea kdown repair, the Timer  LED will no more blink. The last error code""}, {""source"": ""Service-Manual-18.pdf"", ""page"": 105, ""score"": 0.7901, ""snippet"": ""fter brea kdown repair, the Timer  LED will no more blink. The last error code  (abnormality) will be stored in IC memory.  17.2.2 To Make a Diagnosis  1 Timer LED start to blink and the unit  automatically stops the operation.  2 Press the CHECK button on the remote  controller continuously for 5 seconds.  3 “- -” will be displayed on the remote controller  display.  Note: Display only for “- -”. (No transmitting  signal, no receiving sound and no Power LED  blinking.)""}, {""source"": ""Service-Manual-18.pdf"", ""page"": 93, ""score"": 0.4966, ""snippet"": "". Power LED  blinking.  The unit will turn ON by the timer and run Cooling Dry  Operation.  Cooling  Test Mode The unit will stop and Power LED blinking. The unit will operate according to specify Cooling test  mode operation parameter.  Heating  Test Mode  The unit will operate according to specify Heating test  mode operation parameter.  The unit will operate according to specify Heating test  mode operation parameter.  Activate or deactivate  “Heating only  operation” Special setting mode""}, {""source"": ""Service-Manual-18.pdf"", ""page"": 86, ""score"": -0.3396, ""snippet"": ""light  When retry Light up No light  After confirm failure No light Blinking     Cancel Condition: From the module the reply data or the regula rly sending data (normal data) is recognized by ID  micon.     Wireless LAN LED Timer LED  When failure canceled Light up No light     Failure communication parameter setting.    H85 communication error: time/retry counter 10 min/3 count  Wireless LAN disconnection judgment time 300 sec""}]",166906.97,200,,Wrong,"The chatbot's answer does not provide the steps for diagnosing and fixing the issue, which are crucial information from the expected reference answer. It only mentions that the Timer LED blinks as a warning signal after repair, without explaining how to diagnose or fix the problem."
service_manual_18_q04,Service-Manual-18.pdf,factual,The indoor fan is not spinning or seems stuck. What could be the problem?,"The manual lists error code H19 for indoor fan motor mechanism lock or feedback abnormality. This condition is judged when the fan motor abnormality occurs continuously 7 times. The check locations include the fan motor lead wire and connector, and whether the fan motor is locked or blocked.","If the indoor fan is not spinning or seems stuck, the problem could be due to a short circuit inside the fan motor winding, a broken wire inside the fan motor, or a break in the fan motor lead wires. Additionally, the operation could stop due to a Hall IC malfunction or a faulty indoor unit PCB.","[{""source"": ""Service-Manual-18.pdf"", ""page"": 113, ""score"": -0.1195, ""snippet"": ""113  17.4.6 H19 (Indoor Fan Motor – DC Motor Mechanism Locked)  Malfunction Decision Conditions   The rotation speed detected by t he Hall IC during fan motor operation is used to determine abnormal fan motor  (feedback of rotation > 2550 rpm or < 50 rpm)    Malfunction Caused   Operation stops due to short cir cuit inside the fan motor winding.   Operation stops due to breaking of wire inside the fan motor.   Operation stops due to break ing of fan motor lead wires.""}, {""source"": ""Service-Manual-18.pdf"", ""page"": 113, ""score"": -0.6328, ""snippet"": ""de the fan motor.   Operation stops due to break ing of fan motor lead wires.   Operation stops due to Hall IC malfunction.   Operation error due to faulty indoor unit PCB.    Troubleshooting""}, {""source"": ""Service-Manual-18.pdf"", ""page"": 123, ""score"": -1.028, ""snippet"": ""ak ing of fan motor lead wires.   Operation stops due to Hall IC malfunction.   Operation error due to faulty outdoor unit PCB.    Troubleshooting                                      Turn off power supply and rotate fan by hand. Does fan rotate smoothly? Replace fan motor. Replace fan motor Replace outdoor PCB Yes Yes No No No No Yes Turn power supply on and operate fan. Turn off power supply and disconnect fan motor connector. Check the fan motor winding resistance at CN-MTR2 Replace""}, {""source"": ""Service-Manual-18.pdf"", ""page"": 90, ""score"": -1.9612, ""snippet"": ""ntent   Depends on compressor conditions:  1. Compressor OFF → Compressor ON.  The indoor unit fan stops temporarily and then starts to blow at minimum airflow for 30 seconds.  2. Compressor ON → Compressor OFF.  The indoor unit fan stops for 90 seconds and then blows at minimum airflow for 20 seconds.""}]",123293.53,200,,Wrong,The chatbot's answer does not directly address the specific issue of a stuck or non-spinning indoor fan. It provides potential causes for other issues (such as short circuits and Hall IC malfunctions) instead of focusing on motor-related problems.
service_manual_18_q05,Service-Manual-18.pdf,tricky,"My aircon is not cooling, but there is no blinking light. Is it still possible that something is wrong?","Yes. The manual includes abnormalities that may be stored without Timer LED blinking. One example is H99, which is indoor freeze prevention protection during cooling or soft dry operation. For H99, the error code does not display and the Timer LED does not blink, but the code is stored in EEPROM. Possible causes include indoor air short circuit, clogged indoor air filter, dust on the indoor heat exchanger, closed 2-way or 3-way valve, faulty indoor fan motor, refrigerant shortage or leakage, clogged expansion valve or strainer, faulty indoor pipe temperature sensor, or faulty indoor unit PCB.","Yes, it is still possible that something is wrong with your air conditioner even if there is no blinking light. According to the provided context, if the error code does not display (no Timer LED blinking), the issue is still stored in the EEPROM. The malfunction decision conditions listed include air short circuit at the indoor unit, clogged indoor unit air filter, dust accumulation on the indoor unit heat exchanger, 2/3 way valve","[{""source"": ""Service-Manual-18.pdf"", ""page"": 125, ""score"": -1.2997, ""snippet"": ""125  17.4.18 H99 (Indoor Freeze Prevention Pr otection: Cooling or Soft Dry)  Error Code will not display (no Timer LED blinking) but store in EEPROM    Malfunction Decision Conditions   Freeze prevention control take s place (when indoor pipe temperature is lower than 2°C)    Malfunction Caused   Air short circuit at indoor unit   Clogged indoor unit air filter   Dust accumulation on the indoor unit heat exchanger   2/3 way valve closed   Faulty indoor unit fan motor""}, {""source"": ""Service-Manual-18.pdf"", ""page"": 93, ""score"": -5.5983, ""snippet"": "". Power LED  blinking.  The unit will turn ON by the timer and run Cooling Dry  Operation.  Cooling  Test Mode The unit will stop and Power LED blinking. The unit will operate according to specify Cooling test  mode operation parameter.  Heating  Test Mode  The unit will operate according to specify Heating test  mode operation parameter.  The unit will operate according to specify Heating test  mode operation parameter.  Activate or deactivate  “Heating only  operation” Special setting mode""}, {""source"": ""Service-Manual-18.pdf"", ""page"": 2, ""score"": -5.634, ""snippet"": ""method for no error  code, no cooling / no warming .................... 69  14. Operation Control ............................................. 71  14.1 Basic Function ............................................ 71  14.2 Indoor Fan Motor Operation ....................... 72  14.3 Outdoor Fan Motor Operation .................... 74  14.4 Airflow Direction .......................................... 75  14.5 Quiet Operation (Cooling Mode/Cooling""}, {""source"": ""Service-Manual-18.pdf"", ""page"": 93, ""score"": -6.126, ""snippet"": ""stop and Power LED blinking. The unit will ru n Cooling Dry operation.  NANOE  Stand-alone The unit will stop and Power LED blinking. The unit will run Na noe Stand-alone operation.  Force Cooling The unit will run Force Cooling Operation for  X_CTRYTM [15] minutes The unit will run Force Cooling operation.  Force Heating The unit will run Force Heating operation. The un it will run Force Heating operation.  AUTO  (with Timer)  The unit will turn ON by the timer and run Auto  Operation.""}]",169519.85,200,,Wrong,"The chatbot's answer does not provide a comprehensive list of possible causes for the issue, which is a key part of the expected reference answer. It only mentions air short circuit at the indoor unit and clogged indoor unit air filter without covering other detailed possibilities mentioned in the expected answer."
hp_laserjet_m329_m428_m429_q01,c06184015.pdf,procedural,My printer keeps jamming paper. What should I try first?,"The manual says that if paper jams frequently, first clear the jam and print a configuration page to test the printer. Then check that the tray is configured for the correct paper size and type on the printer control panel. If needed, adjust the paper settings under Setup > Paper setup. The manual also says to turn the printer off, wait 30 seconds, and turn it on again, then print a cleaning page under Printer Maintenance > Print Quality Tools > Cleaning Page. If the problem still continues, print another configuration page and contact HP customer support if none of the steps resolves the issue.","If your printer keeps jamming paper, first try removing the stack of paper from the tray and flexing it, rotating it 180 degrees, and flipping it over without fanning it. This can help resolve the issue.","[{""source"": ""c06184015.pdf"", ""page"": 128, ""score"": 3.7431, ""snippet"": ""g up paper from the tray or is picking  up multiple sheets of paper at one time. Either of these situations can result in paper jams. The printer picks up multiple sheets of paper If the printer picks up multiple sheets of paper from the tray, try these solutions. 1. Remove the stack of paper from the tray and flex it, rotate it 180 degrees, and flip it over. Do not fan the  paper. Return the stack of paper to the tray. NOTE: Fanning the paper introduces static electricity.""}, {""source"": ""c06184015.pdf"", ""page"": 130, ""score"": 2.811, ""snippet"": ""6. Make sure the paper guides in the tray are adjusted correctly for the size of paper. Adjust the guides to the  appropriate indentation in the tray. 7. Make sure the printing environment is within recommended specifications. The printer does not pick up paper If the printer does not pick up paper from the tray, try these solutions. 1. Open the printer and remove any jammed sheets of paper. Verify that no torn remnants of paper remain  inside of the printer. 2.""}, {""source"": ""c06184015.pdf"", ""page"": 132, ""score"": 2.2109, ""snippet"": ""The document feeder jams, skews, or picks up multiple sheets of paper Try the suggested fixes if the document feeder is jamming, skewing pages, or picking up multiple sheets of paper  at a time. NOTE: This information applies to MFP printers only. ● The original might have something on it, such as staples or self-adhesive notes, that must be removed. ● Check that all rollers are in place and that the roller-access cover inside the document feeder is closed.""}, {""source"": ""c06184015.pdf"", ""page"": 135, ""score"": 1.6237, ""snippet"": ""Loose toner might remain in the printer after a jam. This problem typically resolves itself after a few sheets have  been printed. Clear paper jams in the document feeder Use the following procedure to check for paper in all possible jam locations related to the document feeder. When a jam occurs, the control panel displays an animation that assists in clearing the jam. 1. Open the document feeder cover. 2. Gently pull the jammed paper out. ENWW Clear paper jams 123""}]",129885.04,200,,Wrong,"The chatbot's answer does not address the jamming issue and instead suggests a method to flex and rotate paper, which is unrelated to resolving printer jams. The expected reference provided steps for troubleshooting and potential solutions to a jammed printer."
hp_laserjet_m329_m428_m429_q02,c06184015.pdf,procedural,The printer is not grabbing the paper from the tray. What should I check?,"The manual says to open the printer and remove any jammed paper, making sure no torn pieces remain inside. Then load the tray with the correct paper size for the job, confirm that the paper size and type are set correctly on the printer control panel, and adjust the paper guides to the correct tray markings without pushing them too tightly against the paper. It also recommends checking room humidity and paper storage, flexing the paper stack if sheets are sticking, checking whether the printer is asking for manual feed, and cleaning the rollers with a lint-free cloth dampened with warm water.","If the printer is not grabbing the paper from the tray, you should check the following:

1. Ensure the paper guides in the tray are adjusted correctly for the size of paper. Adjust the guides to the appropriate indentation in the tray.
2. Make sure the printing environment is within recommended specifications.
3. Open the printer and remove any jammed sheets of paper. Verify that no torn remnants of paper remain","[{""source"": ""c06184015.pdf"", ""page"": 130, ""score"": 6.7173, ""snippet"": ""6. Make sure the paper guides in the tray are adjusted correctly for the size of paper. Adjust the guides to the  appropriate indentation in the tray. 7. Make sure the printing environment is within recommended specifications. The printer does not pick up paper If the printer does not pick up paper from the tray, try these solutions. 1. Open the printer and remove any jammed sheets of paper. Verify that no torn remnants of paper remain  inside of the printer. 2.""}, {""source"": ""c06184015.pdf"", ""page"": 128, ""score"": 5.1719, ""snippet"": ""Printer does not pick up paper or misfeeds Review the following information about the printer not picking up paper or misfeeding paper. ● Introduction ● The printer picks up multiple sheets of paper ● The printer does not pick up paper ● The document feeder jams, skews, or picks up multiple sheets of paper Introduction The following solutions can help solve problems if the printer is not picking up paper from the tray or is picking  up multiple sheets of paper at one time.""}, {""source"": ""c06184015.pdf"", ""page"": 128, ""score"": 4.6477, ""snippet"": ""g up paper from the tray or is picking  up multiple sheets of paper at one time. Either of these situations can result in paper jams. The printer picks up multiple sheets of paper If the printer picks up multiple sheets of paper from the tray, try these solutions. 1. Remove the stack of paper from the tray and flex it, rotate it 180 degrees, and flip it over. Do not fan the  paper. Return the stack of paper to the tray. NOTE: Fanning the paper introduces static electricity.""}, {""source"": ""c06184015.pdf"", ""page"": 133, ""score"": 3.8753, ""snippet"": ""the problem  continue with the next step until you have resolved the problem. 1. If paper has jammed in the printer , clear the jam and then print a configuration page to test the printer. 2. Check that the tray is configured for the correct paper size and type on the printer control panel. Adjust  paper settings if necessary. a. From the Home screen on the printer control panel, swipe the tab at the top of the screen downward  to open the Dashboard, and then touch the Setup icon   . b.""}]",175357.36,200,,Wrong,"The actual answer misses several key steps and details, such as checking the paper size settings on the control panel, ensuring no jammed pieces remain inside the printer, verifying correct humidity levels, and cleaning rollers. The answer also does not mention checking for manual feed requests or addressing issues with paper sticking."
hp_laserjet_m329_m428_m429_q03,c06184015.pdf,procedural,My printouts are faded or too light. What can I do?,"For light or faded print, the manual says to reprint the document, remove the toner cartridge and shake it to redistribute the toner, make sure EconoMode is disabled on mono models, check that the cartridge is installed correctly, and print a Supplies Status Page to check the life and usage of the cartridge. The manual also says print quality problems can occur when a toner cartridge is at its estimated end of life, and the toner cartridge should be replaced if print quality is no longer acceptable.","To fix faded or too light printouts, follow these steps:

1. From the software program, select the Print option.
2. Select the printer, and then click the Properties or Preferences button.
3. Click the Paper/Quality tab, and locate the Print Quality area.
4. If the entire page is too light, use these settings:
   - Select the FastRes 1200 option, if available.
   -","[{""source"": ""c06184015.pdf"", ""page"": 171, ""score"": 3.5028, ""snippet"": ""Table 9-11 Light print Sample Description Possible solutions The printed content is light or faded on the  entire page. 1. Reprint the document. 2. Remove the cartridge, and then shake  it to redistribute the toner. 3. Mono models only: Make sure that the  EconoMode setting is disabled, both at  the printer control panel and in the  print driver. 4. Make sure that the cartridge is  installed correctly. 5. Print a Supplies Status Page and check  the life and usage of the cartridge. 6.""}, {""source"": ""c06184015.pdf"", ""page"": 164, ""score"": 0.4998, ""snippet"": ""too dark or too light. 1. From the software program, select the Print option. 2. Select the printer , and then click the Properties or Preferences button. 152 Chapter 9 Solve problems ENWW""}, {""source"": ""c06184015.pdf"", ""page"": 165, ""score"": 0.1653, ""snippet"": ""3. Click the Paper/Quality tab, and locate the Print Quality area. 4. If the entire page is too dark, use these settings: ● Select the 600 dpi option, if available. ● Select the EconoMode check box to enable it. If the entire page is too light, use these settings: ● Select the FastRes 1200 option, if available. ● Clear the EconoMode check box to disable it. 5. Click the OK button to close the Document Properties dialog box. In the Print dialog, click the OK button to  print the job.""}, {""source"": ""c06184015.pdf"", ""page"": 173, ""score"": -5.5106, ""snippet"": ""th light and dark vertical streaks  can occur when the printing environment is  outside the specified range for temperature  or humidity. Refer to your printer's  environmental specifications for allowable  temperature and humidity levels. Dark vertical lines which occur down the  length of the page. The defect might occur  anywhere on the page, in areas of fill or in  sections with no printed content. 1. Reprint the document. 2. Remove the cartridge, and then shake""}]",167494.67,200,,Wrong,"The chatbot's answer is incomplete and does not cover the main issues related to faded or too light printouts, such as checking toner cartridges, disabling EconoMode, and verifying cartridge installation. It only addresses a specific setting for print quality."
hp_laserjet_m329_m428_m429_q04,c06184015.pdf,tricky,The printer says the toner is low. Do I need to replace it right away?,"No, not always. The manual says that when 'Cartridge is low' or 'Cartridge is very low' appears, the actual cartridge life remaining may vary. The toner cartridge does not need to be replaced immediately unless print quality is no longer acceptable. The manual recommends having a replacement cartridge available and continuing to print with the current cartridge until redistributing the toner no longer gives acceptable print quality. To redistribute toner, remove the toner cartridge and gently rock it back and forth about its horizontal axis, then reinstall it.","No, you do not need to replace the toner cartridge right away if the printer indicates that the toner level is low. The actual toner cartridge life remaining can vary, and you should consider having a replacement available to install when the print quality is no longer acceptable. You can continue printing with the current cartridge until redistributing the toner no longer yields acceptable print quality.","[{""source"": ""c06184015.pdf"", ""page"": 125, ""score"": 6.5852, ""snippet"": ""cal representation, see cartridge replacement instructions. Reinsert the toner  cartridge into the printer and close the cover. Cartridge is very low: The printer indicates when the toner cartridge level is very low. Actual toner cartridge life  remaining may vary. Consider having a replacement available to install when print quality is no longer  acceptable. The toner cartridge does not need to be replaced now unless the print quality is no longer  acceptable.""}, {""source"": ""c06184015.pdf"", ""page"": 126, ""score"": 5.9532, ""snippet"": ""tion to set the printer to stop printing until you replace the toner cartridge. ● Select the Prompt option to set the printer to stop printing and prompt you to replace the toner  cartridge. You can acknowledge the prompt and continue printing. ● Select the Continue option to set the printer to alert you that the toner cartridge is very low, but to  continue printing. NOTE: The Low Threshold option allows you to define the level of ink that is considered very low.""}, {""source"": ""c06184015.pdf"", ""page"": 52, ""score"": 5.6314, ""snippet"": ""Replace the toner cartridge Replace the toner cartridge if you receive a message on the printer , or if you are have print quality problems. ● Toner cartridge information ● Remove and replace the cartridge Toner cartridge information Review details about ordering replacement toner cartridges. The printer indicates when the toner cartridge level is low and very low. The actual toner cartridge life remaining  can vary.""}, {""source"": ""c06184015.pdf"", ""page"": 52, ""score"": 4.8232, ""snippet"": ""level is low and very low. The actual toner cartridge life remaining  can vary. Consider having a replacement cartridge available to install when print quality is no longer acceptable. Continue printing with the current cartridge until redistributing the toner no longer yields acceptable print quality.  To redistribute the toner , remove the toner cartridge from the printer and gently rock the cartridge back and forth  about its horizontal axis.""}]",135574.51,200,,Correct,"The actual answer contains the main required facts and steps from the expected answer, including the variation in toner cartridge life, the recommendation to have a replacement available, and the instructions for redistributing toner. The wording is not identical but conveys the same information."
hp_laserjet_m329_m428_m429_q05,c06184015.pdf,procedural,My wireless printer is connected but it still will not print. What should I check?,"The manual's wireless troubleshooting section includes checks such as whether the printer prints after wireless configuration, whether the computer has a third-party firewall installed, whether the wireless connection stopped working after moving the router or printer, whether more computers can connect to the wireless printer, whether the printer loses communication when connected to a VPN, whether the network appears in the wireless networks list, and whether the wireless network is functioning. It also recommends performing a wireless network diagnostic test and reducing interference on the wireless network.","To troubleshoot your wireless printer that is connected but not printing, follow these steps:

1. Ensure the printer is turned on and in the ready state.
2. Turn off any third-party firewalls on your computer.
3. Check that the wireless network is functioning correctly.
4. Confirm that your computer is working properly. If necessary, restart the computer.
5. Verify that the print driver is installed on your computer.
6","[{""source"": ""c06184015.pdf"", ""page"": 183, ""score"": 6.5463, ""snippet"": ""Solve wireless network problems To resolve network issues, try these steps in the order presented. ● Introduction ● Wireless connectivity checklist ● The printer does not print after the wireless configuration completes ● The printer does not print, and the computer has a third-party firewall installed ● The wireless connection does not work after moving the wireless router or printer ● Cannot connect more computers to the wireless printer""}, {""source"": ""c06184015.pdf"", ""page"": 184, ""score"": 5.8059, ""snippet"": ""Bonjour. The printer does not print after the wireless configuration completes If the printer does not print after the wireless configuration completes, try these solutions. 1. Make sure that the printer is turned on and in the ready state. 2. Turn off any third-party firewalls on your computer. 3. Make sure that the wireless network is working correctly. 4. Make sure that your computer is working correctly. If necessary, restart the computer. 5.""}, {""source"": ""c06184015.pdf"", ""page"": 183, ""score"": 5.6754, ""snippet"": ""etwork Introduction Use the troubleshooting information to help resolve issues. NOTE: To determine whether Wi-Fi Direct printing is enabled on your printer , print a configuration page from  the printer control panel Wireless connectivity checklist Review the following information to check wireless connectivity. ● Verify that the network cable is not connected. ● Verify that the printer and the wireless router are turned on and have power. Also make sure that the""}, {""source"": ""c06184015.pdf"", ""page"": 184, ""score"": 5.5136, ""snippet"": ""re with the wireless signal including motors, cordless phones, security system  cameras, other wireless networks, and some Bluetooth devices. ● Verify that the print driver is installed on the computer. ● Verify that you have selected the correct printer port. ● Verify that the computer and printer connect to the same wireless network. ● For macOS, verify that the wireless router supports Bonjour. The printer does not print after the wireless configuration completes""}]",164556.71,200,,Partial,"The actual answer includes some relevant steps but misses important details such as checking the wireless configuration, firewall settings, and network issues mentioned in the expected reference answer."
epson_et4850_q01,cpd60205.pdf,procedural,My Epson printer will not connect to Wi-Fi. What should I check?,"The manual says to make sure the wireless router or access point is turned on and correctly connected to the computer or network device. If setup fails, the user should confirm the correct wireless network name or SSID and password, because the network name and password are case sensitive. The manual also recommends moving the product closer to the router or access point, removing obstacles between them, moving the product away from devices such as wireless phones or microwaves, turning the router or access point off, waiting about 10 seconds, and turning it on again. The user can also print a network connection report from Settings > General Settings > Network Settings > Connection Check > Print Check Report to view error codes and solutions.","To troubleshoot your Epson printer's Wi-Fi connection issue, follow these steps:

1. Ensure the printer is listed in the Epson Smart Panel app. If not, move closer to the product and try again.
2. Connect your printer to the wireless network using the control panel. Then, select ""Connect Smartphone to Product Already Connected to Wi-Fi"" in the Epson Smart Panel app and follow the on","[{""source"": ""cpd60205.pdf"", ""page"": 42, ""score"": 5.4905, ""snippet"": ""t listed, move closer to the product and try again. If the product is still not shown, connect your printer to the wireless network using the control panel and then select Connect Smartphone to Product Already Connected to Wi-Fi in the Epson Smart Panel app and follow the on-screen instructions. See the link below for wireless setup instructions. Your product is now connected to a wireless network and set up for use with the Epson Smart Panel app. Parent topic: Wi-Fi or Wired Networking""}, {""source"": ""cpd60205.pdf"", ""page"": 280, ""score"": 3.8371, ""snippet"": ""280 • Make sure any interface cables are connected securely at both ends. • If you connected your product to a USB hub, make sure it is a first-tier hub. If it still does not print, connect your product directly to your computer instead of the hub. • Make sure the printer status is not offline or pending. • Make sure you are using the Epson printer driver for your product or the available functions are limited. • Run a product check to see if a test page prints.""}, {""source"": ""cpd60205.pdf"", ""page"": 34, ""score"": 3.7069, ""snippet"": ""34 Related topics Wi-Fi or Wired Networking Using Fire OS Printing You can wirelessly print from Amazon Fire tablets and phones to your nearby networked Epson product. There is no software to download, no drivers to install, and no cables to connect. With just a few taps in Email, Calendar, Contacts, and WPS Office, you can send whatever is on the screen to an Epson product. 1. Connect your Epson product to your wireless network. See the link below. 2.""}, {""source"": ""cpd60205.pdf"", ""page"": 54, ""score"": 2.8817, ""snippet"": ""g or Updating Network Connections Related tasks Printing a Network Status Sheet Changing a USB Connection to a Wi-Fi Connection If you have already connected your product to your computer using a USB connection, you can change to a Wi-Fi connection. 1. Disconnect the USB cable from your product. 2. Uninstall your product software. 3. Download and install your product software from the Epson website using the instructions on the Start Here sheet.""}]",183153.98,200,,Wrong,The chatbot's answer is mostly unrelated and does not provide the main required facts or steps for troubleshooting Wi-Fi connection issues. It only mentions connecting to a panel app without providing any relevant troubleshooting steps as per the expected reference answer.
epson_et4850_q02,cpd60205.pdf,procedural,The paper keeps jamming or feeding badly. What can I do?,"The manual says to load only the recommended number of sheets, load paper short edge first with the printable side facedown, and make sure the paper is under the tabs on the edge guides and not sticking out from the rear of the cassette. The user should fan and align the edges of plain paper before loading, flatten curled paper or curl it slightly in the opposite direction, and reduce the number of sheets or load one sheet at a time if paper jams continue during manual 2-sided printing. For paper feeding problems, the manual also recommends making sure the edge guides are against the paper but not too tightly.","If your paper keeps jamming or feeding badly, try the following steps:

1. Ensure the paper cassette is fully inserted into the printer.
2. Check that the paper size and type settings match the paper you loaded.
3. If the paper is curled, flatten it or curl it in the opposite direction before loading.
4. For manual 2-sided printing on pre-printed paper, reduce the number of sheets to half or","[{""source"": ""cpd60205.pdf"", ""page"": 276, ""score"": 3.3522, ""snippet"": ""ions if you have problems using paper with your product. Paper Feeding Problems Originals Do Not Feed From the Automatic Document Feeder Paper Jams Inside the Product Paper Ejection Problems Parent topic: Solving Problems Paper Feeding Problems If you have problems feeding paper, try these solutions: • Make sure the paper cassette is inserted all the way in the printer. • Make sure the paper size and type settings match the size and type of paper you loaded.""}, {""source"": ""cpd60205.pdf"", ""page"": 62, ""score"": 2.9636, ""snippet"": ""oading. Do not fan or curl photo paper. Doing so may damage the printable side. • If the paper is curled, flatten it or curl it slightly in the opposite direction before loading. Printing on curled paper may cause paper jams and smears on the printout. • Paper feed problems may occur frequently for manual 2-sided printing when printing on one side of pre-printed paper. Reduce the number of sheets to half or less, or load one sheet of paper at a time if paper jams continue.""}, {""source"": ""cpd60205.pdf"", ""page"": 278, ""score"": 0.3424, ""snippet"": ""hen removing jammed paper from the product: • Remove the jammed paper carefully. Using too much force may damage the product. • Unless specifically instructed, avoid tilting the product, placing it on its side, or turning it upside down, as ink may spill. Warning: Never touch the buttons on the control panel while your hand is inside the product. If the product starts operating, it may cause an injury. Do not touch any protruding parts inside the product. Parent topic: Solving Paper Problems""}, {""source"": ""cpd60205.pdf"", ""page"": 246, ""score"": 0.2133, ""snippet"": ""246 Cleaning the Paper Rollers If you encounter repeated paper feed issues from the cassette, clean the paper rollers inside the product. 1. Turn off the product. 2. Unplug the power cable. 3. Disconnect any connected cables. 4. Close the document cover, if necessary. 5. Open the scanner unit with both hands until it locks.""}]",165320.26,200,,Partial,"The actual answer includes some relevant steps but misses important details such as loading the paper short edge first, ensuring it is under the tabs on the edge guides, and reducing the number of sheets if jamming continues. The reference also recommends making sure the edge guides are against the paper but not too tightly."
epson_et4850_q03,cpd60205.pdf,procedural,"My printout has white lines, gaps, or looks faded. How do I fix it?","The manual points users to print head maintenance for print quality problems. It includes print head nozzle check, print head cleaning, and power cleaning procedures. For faded printouts or gaps, the user should check the nozzles and clean the print head if needed. The manual also warns that the actual ink levels should be checked visually in the ink tanks, because the printer estimates ink levels by monitoring ink usage and cannot directly measure the ink in the tanks. Continued use when ink is below the lower line could damage the product.","To fix white lines, gaps, or faded printouts, first run a nozzle check to see if any print head nozzles are clogged. If clogged, clean the print head. Ensure the paper type setting matches the paper you loaded. If the printout still has issues, check the ink levels visually. If the print head is clean and the ink levels are adequate, but the problem persists, consider performing a Power C","[{""source"": ""cpd60205.pdf"", ""page"": 289, ""score"": 4.7802, ""snippet"": ""289 Parent topic: Solving Problems Related topics Solving Scanned Image Quality Problems White or Dark Lines in Printout If you notice white or dark lines in your prints (also called banding), try these solutions before you reprint: • Run a nozzle check to see if any of the print head nozzles are clogged. Then clean the print head, if necessary. • Make sure the paper type setting matches the type of paper you loaded.""}, {""source"": ""cpd60205.pdf"", ""page"": 292, ""score"": 3.4752, ""snippet"": ""292 Cleaning the Print Head Path Cleaning Your Product Selecting Double-sided Printing Settings - Windows Selecting Double-sided Printing Settings - Mac Related topics Loading Paper Faint Printout or Printout Has Gaps If your printouts are faint or have gaps, try these solutions: • Run a nozzle check to see if any of the print head nozzles are clogged. Then clean the print head, if necessary. • The ink levels may be low. Visually check the ink levels.""}, {""source"": ""cpd60205.pdf"", ""page"": 288, ""score"": 3.4372, ""snippet"": ""oduct Control Panel Related topics Loading Paper Solving Print Quality Problems Check these sections if your printouts have problems with print quality, but your image looks fine on your computer screen. Note: When printing using AirPrint, the available print settings are different from those covered in this manual. See the Apple website for details. White or Dark Lines in Printout Blurry or Smeared Printout Faint Printout or Printout Has Gaps Grainy Printout Incorrect Colors""}, {""source"": ""cpd60205.pdf"", ""page"": 234, ""score"": 1.7516, ""snippet"": ""234 7. Check the printed pattern to see if there are gaps in the lines. Print head is clean Print head needs cleaning Print head needs Power Cleaning • If there are no gaps, click Finish. • If there are gaps or the pattern is faint, click Clean to clean the print head again.""}]",163082.54,200,,Wrong,"The chatbot's answer does not provide the full troubleshooting steps for print quality issues, including specific procedures like nozzle check and cleaning, ink level checks, and warnings about potential damage from low ink levels. The answer is incomplete and lacks detail."
epson_et4850_q04,cpd60205.pdf,tricky,The printer says I need to reset ink levels. Does that mean the ink tank is actually full?,"Not necessarily. The manual explains that the product has a low ink alert system, but it cannot directly measure the ink levels in the tanks. It estimates remaining ink by internally monitoring ink usage, so the low ink alert system may generate inaccurate messages if the ink tanks are not refilled correctly. The manual says to visually check the ink levels in the product's ink tanks and make sure the ink levels are above the lower lines. Epson recommends filling an ink tank to the upper line before resetting the ink level.","Yes, if the printer prompts you to reset the ink levels, it means that the ink tanks are full.","[{""source"": ""cpd60205.pdf"", ""page"": 207, ""score"": 3.8371, ""snippet"": ""heck the ink levels in the product’s ink tanks to confirm the actual ink levels. Continued use of the product when the ink is expended could damage the product. • Do not maintain low ink levels for extended periods of time. • Epson recommends filling an ink tank to the upper line before resetting the ink level. • For optimum printing results, refill the ink tanks to the upper line at least once a year.""}, {""source"": ""cpd60205.pdf"", ""page"": 324, ""score"": 2.4326, ""snippet"": ""oduct when the ink level is below the lower line could damage the product. Fill the ink tank to the upper line while the product is not operating. To display the correct ink level estimates, reset the ink level after filling the tank. • Before transporting the product, make sure that the print head is in the home (far right) position. • When storing or transporting the product, do not tilt it, stand it on its side, or turn it upside down; otherwise, ink may leak.""}, {""source"": ""cpd60205.pdf"", ""page"": 263, ""score"": 2.2257, ""snippet"": ""ink tanks or the ink tanks indicated on the LCD screen all the way to the top. Note: Depending on the operating conditions, you may see the ink reset message even when there is still ink in the tanks. 2. Select the colors that you refilled on the LCD screen. 3. Follow the instructions on the LCD screen to reset the ink levels. Note: The product has a low ink alert system. The accuracy of this system depends on the user refilling the ink tanks correctly.""}, {""source"": ""cpd60205.pdf"", ""page"": 263, ""score"": 2.176, ""snippet"": ""dates Connecting a Telephone or Answering Machine Using AirPrint Related topics Wi-Fi or Wired Networking Solving Paper Problems Loading Paper Solving Network Problems Solving Problems Printing from a Computer Message Appears Prompting You to Reset Ink Levels If you see a message on the LCD screen prompting you to reset the ink levels, do the following: 1. Refill all of the ink tanks or the ink tanks indicated on the LCD screen all the way to the top.""}]",56570.86,200,,Wrong,"The chatbot's answer is incorrect and does not reflect the complexity of the situation described in the reference answer. The chatbot suggests that if the printer prompts to reset ink levels, it means the ink tanks are full, which contradicts the information provided about the low ink alert system."
epson_et4850_q05,cpd60205.pdf,procedural,I cannot scan from the printer to my computer. What should I check first?,"The manual says that before scanning to a connected computer, the computer must be connected using a USB cable or connected to the same network as the product. Epson ScanSmart, Epson Scan 2, and Event Manager must also be installed on the computer. The manual also notes that the computer should be restarted after installing the product software to enable scanning from the control panel. From the printer control panel, the user should select Scan > Computer, then choose the connected computer from the list or select USB Connection if connected by USB.","First, ensure that any interface cables are connected securely at both ends. If you're using a USB hub, try connecting your product directly to your computer instead. Also, check that the printer status is not offline or pending, and that you're using the correct Epson printer driver. Running a product check to see if a test page prints can help diagnose the issue.","[{""source"": ""cpd60205.pdf"", ""page"": 84, ""score"": -1.2337, ""snippet"": ""84 Printing from a Computer Before printing from your computer, make sure you have set up your product and installed its software as described on the Start Here sheet. Note: If you have an Internet connection, it is a good idea to check for updates to your product software on Epson's support website. If you see a Software Update screen, select Enable automatic checking and click OK. The update scans your system to see if you have the latest product software. Follow the on-screen instructions.""}, {""source"": ""cpd60205.pdf"", ""page"": 280, ""score"": -1.6556, ""snippet"": ""280 • Make sure any interface cables are connected securely at both ends. • If you connected your product to a USB hub, make sure it is a first-tier hub. If it still does not print, connect your product directly to your computer instead of the hub. • Make sure the printer status is not offline or pending. • Make sure you are using the Epson printer driver for your product or the available functions are limited. • Run a product check to see if a test page prints.""}, {""source"": ""cpd60205.pdf"", ""page"": 282, ""score"": -2.8136, ""snippet"": ""ows: Select Printing preferences, click the More Options tab, and make sure the Bidirectional printing setting is enabled. • Mac: Select System Preferences, select Printers & Scanners, and select your product. Select Options & Supplies, select Options (or Driver), and enable the Bidirectional printing setting. If printing is still slow and you are using Windows 7 or Windows Vista, try the following: 1. Click and select Computer or My Computer. Double-click the C: drive and open these folders:""}, {""source"": ""cpd60205.pdf"", ""page"": 296, ""score"": -3.277, ""snippet"": ""296 Cannot Start Epson Scan 2 Scanning is Slow Cannot Send Scans to a Cloud Service Parent topic: Solving Problems Scanning Software Does Not Operate Correctly If your scanning software does not operate correctly, try these solutions: • Make sure your computer has adequate memory and meets the system requirements for your operating system. • Make sure your computer is not running in a power-saving mode, such as sleep or standby. If so, wake your system and restart your scanning software.""}]",137983.49,200,,Wrong,"The chatbot's answer does not address the issue of scanning from a printer to a computer, instead focusing on general troubleshooting steps for printer connectivity and driver issues. It misses the specific details about connecting via USB or network as mentioned in the expected reference answer."
samsung_rf6500c_q01,DA68-04752Q_FDR_RF6500C_3Door_EN_MES_CFR_260209.pdf,procedural,My refrigerator is on but it is not getting cold enough. What should I check?,"The manual says to check whether the power cord is plugged in properly, whether the temperature control is set correctly, and whether the refrigerator is located near direct sunlight or a heat source. It also says to make sure there is at least a 2 inch or 5 cm gap between the refrigerator back and sides and nearby walls or cabinets. If the refrigerator is overloaded or food is blocking the vents, the user should reduce the load and keep food away from the vents. If Energy Saver mode is activated, the manual says to deactivate it.","If your refrigerator is on but not getting cold enough, you should check the following:

1. Ensure the power cord is properly plugged in.
2. Set the temperature control to a lower setting.
3. Make sure the refrigerator is not located near a heat source or direct sunlight.
4. Ensure there is enough clearance between the refrigerator and nearby walls or cabinets.
5. Confirm that the re","[{""source"": ""DA68-04752Q_FDR_RF6500C_3Door_EN_MES_CFR_260209.pdf"", ""page"": 83, ""score"": 1.8978, ""snippet"": ""on   Fridge/freezer  does not operate.   Fridge/freezer  temperature is  warm.  • Power cord is not plugged in  properly.  • Properly plug in the power  cord.  • Temperature control is not  set correctly. • Set the temperature lower.  • Refrigerator is located near a  heat source or direct sunlight.  • Keep the refrigerator away  from direct sunlight or a heat  source.  • Not enough clearance  between refrigerator and  nearby walls or cabinets.  • Make sure there is a gap""}, {""source"": ""DA68-04752Q_FDR_RF6500C_3Door_EN_MES_CFR_260209.pdf"", ""page"": 40, ""score"": 0.3322, ""snippet"": ""Installation English40  STEP 8 Initial settings   By completing the following steps, the refrigerator should be fully functioning.  1. Plug the power cord into the wall socket to turn the refrigerator on.  2. Open the door, and check if the interior lights are up.  3. Set the temperature to the coldest setting, and wait for about an hour. Then, the freezer  will be slightly chilled, and the motor should be running smoothly.  4. Wait until the refrigerator reaches the set temperature.""}, {""source"": ""DA68-04752Q_FDR_RF6500C_3Door_EN_MES_CFR_260209.pdf"", ""page"": 40, ""score"": -0.2808, ""snippet"": ""e running smoothly.  4. Wait until the refrigerator reaches the set temperature. Now the refrigerator is ready  for use.  STEP 9 Final check   When installation is complete, confirm that:  • The refrigerator is plugged into an electrical outlet and grounded properly.  • The refrigerator is installed on a flat, level surface with a reasonable clearance from  walls and cabinets.  • The refrigerator is sitting firmly on the floor.""}, {""source"": ""DA68-04752Q_FDR_RF6500C_3Door_EN_MES_CFR_260209.pdf"", ""page"": 83, ""score"": -0.8463, ""snippet"": ""Fridge/freezer is  over-cooling.  • Temperature control is not  set correctly.  • Set the temperature higher  on the main panel.""}]",189736.34,200,,Wrong,"The actual answer misses important details such as checking the temperature control setting, ensuring there is enough clearance between the refrigerator and nearby walls or cabinets, confirming that the refrigerator is not overloaded with food, and deactivating Energy Saver mode if activated."
samsung_rf6500c_q02,DA68-04752Q_FDR_RF6500C_3Door_EN_MES_CFR_260209.pdf,procedural,There is frost building up inside my freezer or around the vents. What could be causing it?,"The manual says frost around the vents can happen when food is blocking the vents, so the user should make sure no food blocks the refrigerator vents. Frost on the interior walls can happen when the door is not closed properly. The manual recommends making sure food does not block the door and cleaning the door gasket. It also warns not to store too much food in the freezer drawer because this can prevent the drawer from closing properly and cause frost buildup.","The frost building up inside your freezer or around the vents could be caused by food blocking the refrigerator vents or not closing the door properly, which prevents the freezer drawer from closing properly.","[{""source"": ""DA68-04752Q_FDR_RF6500C_3Door_EN_MES_CFR_260209.pdf"", ""page"": 84, ""score"": 3.0346, ""snippet"": ""ution   Refrigerator has  odors.  • Spoiled food. • Clean the refrigerator and  remove any spoiled food.  • Food with strong odors. • Make sure strong smelling  food is wrapped airtight.   Frost   Symptom Possible causes Solution   Frost around the  vents. • Food is blocking the vents. • Make sure no food blocks the  refrigerator vents.   Frost on interior  walls. • Door is not closed properly.  • Make sure food does not  block the door. Clean the  door gasket.""}, {""source"": ""DA68-04752Q_FDR_RF6500C_3Door_EN_MES_CFR_260209.pdf"", ""page"": 32, ""score"": 3.0239, ""snippet"": ""roperly, which causes frost to  build up.  • Do not store too much food in the  freezer drawer. This prevents the freezer  drawer from closing properly, resulting  in frost buildup.   To reattach the freezer drawer   Once the refrigerator is in or near it's final location, re-attach the lower freezer drawer by  following the directions in the reverse order of removal.""}, {""source"": ""DA68-04752Q_FDR_RF6500C_3Door_EN_MES_CFR_260209.pdf"", ""page"": 10, ""score"": 0.5873, ""snippet"": ""n an electric shock or injury.  - Any sharp edges may cause a personal injury.  • Do not touch the inside walls of the freezer or products stored in the freezer with wet  hands.  - This may cause frostbite.  • Do not put a container filled with water on the refrigerator.  - If spilled, there is a risk of fire or electric shock.  • Do not keep volatile or flammable objects or substances (benzene, thinner, propane gas,  alcohol, ether, LP gas, and other such products) in the refrigerator.""}, {""source"": ""DA68-04752Q_FDR_RF6500C_3Door_EN_MES_CFR_260209.pdf"", ""page"": 67, ""score"": -4.2484, ""snippet"": ""bjects into the ice maker. This can cause physical injury or  property damage.  • Due to sublimation, ice stored in the freezer for a long time gets smaller and then forms  large ice chunks. Therefore, if it will be a long time before you use ice, turn the ice  maker off.  • Use the new hose-sets supplied with the appliance only. Do not re-use an old hose set.  • Frequent opening and closing of the freezer affects the amount of ice production.   Diagnosis    A B   A. Auto Dual Ice Maker  B.""}]",92160.76,200,,Partial,"The actual answer includes the main required facts (food blocking vents and not closing door properly), but misses important details such as cleaning the door gasket and warning about storing too much food in the freezer drawer. It also does not mention frost on interior walls."
samsung_rf6500c_q03,DA68-04752Q_FDR_RF6500C_3Door_EN_MES_CFR_260209.pdf,procedural,My ice maker is not making ice. What should I try?,"The manual says ice may take about 24 hours after installation, or 1 to 2 days for the refrigerator to make ice. The user should make sure the ice maker is turned on, the water line is connected properly, and the water supply is on. The freezer temperature should be below 0°F (-18°C), or -4°F (-20°C) in warm ambient air. If the dispenser panel lock is activated, it should be deactivated. If too much ice is stacked at the rear of the bucket, gently shake the bucket to level the ice. For diagnosis, the manual says to press the Test button on the ice maker; a chime should sound, and another chime means the ice maker is operating properly.","If your ice maker is not making ice, first ensure that the ice maker is turned on. If it's off, it won't make ice even if the water line is properly connected. If there's too much ice at the rear of the bucket, the refrigerator might stop making ice because it thinks the bucket is full. If the ice maker is new, it may take about 1 to 2 days to start making ice. Also, check that","[{""source"": ""DA68-04752Q_FDR_RF6500C_3Door_EN_MES_CFR_260209.pdf"", ""page"": 88, ""score"": 5.3006, ""snippet"": ""Troubleshooting English88   Water/ice (applicable models only)   Symptom Possible causes / solution   Ice is not being made.  • Ice is made approximately 24 hours after the installation.  • If the ice maker is off, it will not make ice even if the water  line is properly connected. Make sure the ice maker is turned  on.  • If too much ice is stacked at the rear of the bucket, the  refrigerator may recognize that the ice bucket is full and stop  making ice.""}, {""source"": ""DA68-04752Q_FDR_RF6500C_3Door_EN_MES_CFR_260209.pdf"", ""page"": 44, ""score"": 4.5352, ""snippet"": ""maker may stop producing ice if the spheres are stacked unevenly. Gently shake  the ice bucket to distribute the spheres evenly.  • The ice maker may not produce perfect sphere-shaped ice, or you may notice air  bubbles in the ice after the freezer has just been installed, the filter has been replaced,  or if the power has been off for a certain time because of a power outage.""}, {""source"": ""DA68-04752Q_FDR_RF6500C_3Door_EN_MES_CFR_260209.pdf"", ""page"": 85, ""score"": 3.8302, ""snippet"": ""er than  normal.  • Water pressure is too low.  • Make sure the water pressure  is between 30 to 120 psi  (206 to 827 kPa).   Ice maker makes a  buzzing sound.  • The ice maker function is  activated, but the water  supply to the refrigerator has  not been connected.  • Press Ice Maker on the  main panel to turn off the  ice maker or connect the  water supply line to the  refrigerator.   Ice maker does not  make ice.  • Ice maker has just been  installed.  • You must wait for 1 to 2 days""}, {""source"": ""DA68-04752Q_FDR_RF6500C_3Door_EN_MES_CFR_260209.pdf"", ""page"": 88, ""score"": 3.6742, ""snippet"": ""e-making process.  • Make sure to check the front and back sides of the pad in  the sphere ice maker’s ice bucket and place it in the correct  direction.  - If the pad is removed or not placed correctly, ice may not  be made.   The ice shape looks  unusual.  • If the refrigerator was just installed, the water filter  was replaced, or power was off for a while because of a  power outage, the ice may have bubbles inside or appear  misshapen.""}]",168087.05,200,,Partial,"The actual answer includes some correct information such as turning the ice maker on and checking for too much ice, but it misses important details like the need to check water supply, freezer temperature, and test button functionality. It also does not mention the installation period or the Test button chime."
samsung_rf6500c_q04,DA68-04752Q_FDR_RF6500C_3Door_EN_MES_CFR_260209.pdf,procedural,Water is not coming out of the dispenser. What might be wrong?,"The manual says water may not dispense if the water line is not connected properly or the water supply is not on, so the user should check the water installation conditions. It also says to deactivate the dispenser panel lock if it is on. If a third-party water filter was installed, the manual says to use only Samsung-provided or approved filters because unapproved filters may leak and damage the refrigerator. If the water filter indicator turns on or blinks, the user should replace the water filter and then reset the filter indicator sensor.","If water is not coming out of the dispenser, possible causes include the water line not being connected properly or the water supply not being on. Check the water installation conditions. If the dispenser panel lock is activated, deactivate it. If a third-party water filter was installed, use only Samsung-provided or approved filters. Unapproved filters may leak and damage the refrigerator. If the water filter indicator turns on or blinks, replace the water filter","[{""source"": ""DA68-04752Q_FDR_RF6500C_3Door_EN_MES_CFR_260209.pdf"", ""page"": 87, ""score"": 3.9347, ""snippet"": ""English 87  Symptom Possible causes Solution   Water does not  dispense.  • Water line is not connected  properly or water supply is  not on.  • Check the water installation  conditions.    • Dispenser panel Lock is  activated.  • Deactivate dispenser panel  Lock.  • A third-party water filter was  installed.  • Use only Samsung-provided  or approved filters.  • Unapproved filters may leak  and damage the refrigerator.  • Water filter indicator turns  on or blinks.  • Replace the water filter.""}, {""source"": ""DA68-04752Q_FDR_RF6500C_3Door_EN_MES_CFR_260209.pdf"", ""page"": 58, ""score"": 3.7876, ""snippet"": ""for about 1 minute.  To dispense more water, release and push the lever again.  • Make sure the glass is in line with the dispenser to prevent the dispensed water from  spilling out.  • If you do not use the water dispenser for 2-3 days, the dispensed water may have an  abnormal smell or taste. This is not a system failure. Discard the first 1-2 glasses of  water.""}, {""source"": ""DA68-04752Q_FDR_RF6500C_3Door_EN_MES_CFR_260209.pdf"", ""page"": 63, ""score"": 2.0963, ""snippet"": ""u do not use the water dispenser for 2-3 days, the dispensed water may have an  abnormal smell or taste. This is not a system failure. Discard the first 1-2 glasses of  water.   Water clouding   Water supplied to the refrigerator flows through a core alkaline filter. During this filtering  process, the water pressure of the water increases and the water becomes saturated with  oxygen and nitrogen. This causes the water to look misty or cloudy temporarily when  dispensed.""}, {""source"": ""DA68-04752Q_FDR_RF6500C_3Door_EN_MES_CFR_260209.pdf"", ""page"": 30, ""score"": 1.7954, ""snippet"": ""event water leaks from the dispenser,  the water line must be fully connected.  Make sure both tubes of the water line are  inserted fully to the center of transparent  coupler ( A) or the guidelines ( B).""}]",165242.14,200,,Correct,"The actual answer contains the main required facts or steps from the expected answer, including checking water installation conditions, deactivating dispenser panel lock if needed, using only approved filters, and replacing a faulty filter indicator. The information provided is comprehensive enough to address the issue of water not dispensing."
samsung_rf6500c_q05,DA68-04752Q_FDR_RF6500C_3Door_EN_MES_CFR_260209.pdf,tricky,"My refrigerator is making buzzing, cracking, bubbling, or whooshing sounds. Is that normal?","Yes, many sounds are normal according to the manual. Clicking or chirping may happen when starting or ending an operation. Fan sounds can occur while the fan is operating and should stop when the refrigerator reaches the set temperature. Sizzling can happen during defrost when water drips on the defrost heater. Bubbling can happen as refrigerant gas moves through sealed pipes. Cracking or knocking can happen as plastic parts expand or contract during temperature changes, defrosting, or electronic operation. For ice maker models, buzzing can occur when the water valve opens to fill the ice maker, and whooshing can happen because of pressure equalizing when opening and closing the doors.","Yes, it is normal for your refrigerator to make buzzing, cracking, bubbling, or whooshing sounds. These sounds can occur during the defrosting cycle, when electronic parts are working, or due to pressure equalizing when you open and close the refrigerator door.","[{""source"": ""DA68-04752Q_FDR_RF6500C_3Door_EN_MES_CFR_260209.pdf"", ""page"": 91, ""score"": 5.1487, ""snippet"": ""during the defrosting cycle or  when electronic parts are working.  Cracking!   • For ice maker models: When the water valve opens to fill the ice maker, you may hear a  buzzing sound.  • Due to pressure equalizing when you open and close the refrigerator door, you may  hear a whooshing sound.""}, {""source"": ""DA68-04752Q_FDR_RF6500C_3Door_EN_MES_CFR_260209.pdf"", ""page"": 91, ""score"": 5.0584, ""snippet"": ""English 91 • During a defrost cycle, water may drip on the defrost heater, causing sizzling sounds.  HiSS!   • As the refrigerator cools or freezes, refrigerant gas moves through sealed pipes, causing  bubbling sounds.  Bubbling!   • As the refrigerator temperature increases or decreases, plastic parts contract and  expand, creating knocking noises. These noises occur during the defrosting cycle or  when electronic parts are working.  Cracking!""}, {""source"": ""DA68-04752Q_FDR_RF6500C_3Door_EN_MES_CFR_260209.pdf"", ""page"": 90, ""score"": 4.7383, ""snippet"": ""l  operating sounds in which no defects were found.   These sounds are normal.  • When starting or ending an operation, the refrigerator may make sounds similar to a  car engine ignition. As the operation stabilizes, the sounds will decrease.  Clicking!  or Chirping! Buzzing!    • While the fan is operating, these sounds may occur. When the refrigerator reaches the  set temperature, the fan sound will stop.  SSSRRR! Whir!""}, {""source"": ""DA68-04752Q_FDR_RF6500C_3Door_EN_MES_CFR_260209.pdf"", ""page"": 85, ""score"": 2.5262, ""snippet"": ""er than  normal.  • Water pressure is too low.  • Make sure the water pressure  is between 30 to 120 psi  (206 to 827 kPa).   Ice maker makes a  buzzing sound.  • The ice maker function is  activated, but the water  supply to the refrigerator has  not been connected.  • Press Ice Maker on the  main panel to turn off the  ice maker or connect the  water supply line to the  refrigerator.   Ice maker does not  make ice.  • Ice maker has just been  installed.  • You must wait for 1 to 2 days""}]",121648.67,200,,Wrong,"The actual answer misses important details such as fan sounds, sizzling during defrost, and ice maker buzzing. It also does not mention the specific types of sounds (clicking, chirping) that are normal for a refrigerator."
lg_wm4200_wm4000_q01,db05a9.pdf,procedural,My washer is not filling with water. What should I check?,"The manual says an IE inlet error can happen if the water supply faucets are not fully open, the inlet hoses are kinked, pinched, or crushed, the water inlet filters are clogged, the household water pressure is too low, or leak-limiting hoses are being used. The user should make sure the faucets are fully open, check that the hoses are not kinked or crushed behind or under the washer, clean the inlet filters, check another faucet in the house for adequate water pressure, flush the inlet hoses, and avoid using leak-limiting hoses because they may prevent the washer from filling properly.","If your washer is not filling with water, you should check the following:

1. Ensure that the inlet filters on the fill valves are not clogged.
2. Inspect the inlet hoses to make sure they are not kinked or clogged.
3. Confirm that both hot and cold water faucets are turned on fully.
4. Make sure the washer door is closed properly and nothing is obstructing it","[{""source"": ""db05a9.pdf"", ""page"": 38, ""score"": 5.8492, ""snippet"": ""35TROUBLESHOOTING ENGLISH Washer is not filling  properly. Filter is clogged. • Make sure that inlet filters on the fi ll valves are not clogged. Refer to Cleaning the Water  Inlet Filters in MAINTENANCE. Inlet hoses may be kinked. • Check that inlet hoses are not kinked or clogged. Energy efficiency • This is a High-Efficiency (HE) washer. As a re sult, the water level settings for this washer  may be different than for conventional washer. Insufficient water supply""}, {""source"": ""db05a9.pdf"", ""page"": 15, ""score"": 4.0111, ""snippet"": ""ation, allow it to stand at room  temperature for several hours before use and  check for leaks prior to operation. • Do not use flood-preven ting hoses with auto  shut off devices. The devices can be tripped  during fill and prevent the washer from filling  properly. How to Connect the Water Inlet  Hoses 1 Check the fittings and seals. Inspect the  threaded fitting on each hose and make sure  there is a rubber seal a in place in both ends  of each hose to prevent leaking.""}, {""source"": ""db05a9.pdf"", ""page"": 36, ""score"": 2.2204, ""snippet"": ""33TROUBLESHOOTING ENGLISH Operation Banging noise when  the washer is filling  with water. (Water  hammer) Plumbing in the home moves or flexes when the water valves in the washer shut off. • Water hammer is not caused by a defect in the washer. Install water hammer arrestors  (purchased separately at hardware or home improvement store) between the fill hose and  the washer for best results. Household water supply pressure is very high.""}, {""source"": ""db05a9.pdf"", ""page"": 38, ""score"": 1.5294, ""snippet"": ""asher  may be different than for conventional washer. Insufficient water supply • Make sure that both hot and cold wa ter faucets are turned on all the way. Washer door is open. • Close the door and make sure that nothing is caught under the door preventing it from  closing completely. Water level is too low. • The water will not normally cover the clothes. The fill level is optimized for the wash  motion to achieve the best wash performance. Water in the washer  does not drain or""}]",187062.15,200,,Partial,"The actual answer includes some correct information such as checking the inlet filters and hoses, but it misses important details like household water pressure issues, clogged filters, kinked or crushed hoses, and the use of leak-limiting hoses. It also does not mention the need to check another faucet for adequate water pressure."
lg_wm4200_wm4000_q02,db05a9.pdf,procedural,My washer will not drain or the OE error is showing. What should I do?,"The manual says an OE water outlet error can happen when the drain hose is kinked, pinched, or clogged, or when the end of the drain hose is more than 96 inches or 2.4 meters above the bottom of the washer. The user should make sure the drain hose is free of clogs or kinks and is not pinched behind or under the washer. The drain hose end should be moved lower than 96 inches above the washer bottom. The manual also says the drain pump filter should be cleaned if it is clogged with dirt.","If your washer is not draining or the OE (Door Open Error) is showing, follow these steps:

1. Ensure the door is securely closed and not caught under anything.
2. Check that the drain hose is not kinked, pinched, or clogged.
3. Verify that the end of the drain hose is more than 96 inches (2.4 meters) above the bottom of the was","[{""source"": ""db05a9.pdf"", ""page"": 34, ""score"": 3.0686, ""snippet"": ""preventing the automatic  rebalancing from working properly. dE, dE1, dEz, dE4 DOOR OPEN ERROR The door is not secured. • Close and secure the door. If the message keeps appearing, unplug the power cord and  call for service. OE WATER OUTLET  ERROR Drain hose is kinked, pinched, or clogged. • Make sure that the drain hose is free of clog s or kinks and is not pinched behind or under  the washer. The end of the drain hose is more than 96 inches (2.4 m) above the bottom of the  washer.""}, {""source"": ""db05a9.pdf"", ""page"": 38, ""score"": 1.4437, ""snippet"": ""asher  may be different than for conventional washer. Insufficient water supply • Make sure that both hot and cold wa ter faucets are turned on all the way. Washer door is open. • Close the door and make sure that nothing is caught under the door preventing it from  closing completely. Water level is too low. • The water will not normally cover the clothes. The fill level is optimized for the wash  motion to achieve the best wash performance. Water in the washer  does not drain or""}, {""source"": ""db05a9.pdf"", ""page"": 30, ""score"": 1.1147, ""snippet"": ""hout the drain filter or with  an incorrectly assembled drain filter may cause  leaks or malfunction of the washer. 1 Turn off the washer, and unplug the power  cord. 2 Open the drain pump filter cover. 3 Drain any remaining water. • Unclip the drain hose and remove the plug  from the drain hose to drain the remaining  water. 4 Remove the pump filter. • Twist the pump filter counterclockwise to  remove. 5 Clean the pump filter and opening. 6 Reassemble the plug onto the drain hose and""}, {""source"": ""db05a9.pdf"", ""page"": 21, ""score"": 0.0235, ""snippet"": ""ng the  clothing. It is normal to be unable to see water during the wash cycle. • If the temperature or the water level inside the machine is too high, the door will not unlock when the  Start/Pause button is pressed, and the Add Item function will not be available (on applicable models).  To stop a cycle and drain the water completely, turn the power off, then on, and then select Rinse+Spin. Loading the Washer CAUTION • Clothing or articles that are waterproof or water-""}]",169075.01,200,,Wrong,"The chatbot's answer is incomplete and does not cover all the details provided in the expected reference answer. It only mentions checking the drain hose for kinks, pinches, or clogs and ensuring it is more than 96 inches above the bottom of the washer. It does not address cleaning the drain pump filter or other potential causes such as a dirty water outlet valve."
lg_wm4200_wm4000_q03,db05a9.pdf,procedural,My washer is shaking a lot and making loud banging sounds. What could be wrong?,"The manual says vibration or banging can happen if shipping materials were not removed, the load is unevenly distributed, not all leveling feet are resting firmly and evenly on the floor, or the floor is not rigid enough. It recommends checking that all shipping bolts and retainers have been removed, pausing the cycle and redistributing the load after the door unlocks, leveling the washer again, making sure all four leveling feet rest firmly on the floor, and installing the washer on a solid floor that does not flex.","If your washer is shaking and making loud banging sounds, it could be due to water hammer, which is a problem with the plumbing in your home. When the water valve in the washer shuts off, it can cause pipes to move or flex, resulting in the noise. To reduce this, you can install a water hammer arrestor. If the noise continues after the washer is restarted, it might be out of balance, so you should","[{""source"": ""db05a9.pdf"", ""page"": 33, ""score"": 3.9545, ""snippet"": ""illing with water? A: This is actually a problem with the plumbing in your home. When the water valve in the washer shuts  off, it can cause pipes in your home to move, resulting in a loud banging noise. This effect, called  water hammer, can be reduced by installing an item called a water hammer arrestor. Add-on  arrestors can be purchased through your local hardware or home improvement store. Q: Why is there so little water in my washer? How can it clean the clothes?""}, {""source"": ""db05a9.pdf"", ""page"": 33, ""score"": 3.906, ""snippet"": ""30 TROUBLESHOOTING TROUBLESHOOTING Before Calling for Service The washer is equipped with an automatic error-monitoring system to detect and diagnose problems at an  early stage. If the washer does not function properly or does not function at all, check the following before  you call for service. FAQs Error Messages Q: Why does my washer make loud banging noises while it is filling with water? A: This is actually a problem with the plumbing in your home.""}, {""source"": ""db05a9.pdf"", ""page"": 35, ""score"": 2.3828, ""snippet"": ""objects. • If noise continues after the washer is restarted, call for service. Thumping sound Heavy wash loads may produce a thumping sound. • This is normal, but if the sound continues, th e washer is probably out of balance. Stop and  redistribute wash load. Wash load may be out of balance. • Pause the cycle and redistribute the load after the door unlocks. Vibrating noise Packaging materials were not removed. •S e e Unpacking and Removing Shipping Material in INSTALLATION.""}, {""source"": ""db05a9.pdf"", ""page"": 36, ""score"": 1.7802, ""snippet"": ""33TROUBLESHOOTING ENGLISH Operation Banging noise when  the washer is filling  with water. (Water  hammer) Plumbing in the home moves or flexes when the water valves in the washer shut off. • Water hammer is not caused by a defect in the washer. Install water hammer arrestors  (purchased separately at hardware or home improvement store) between the fill hose and  the washer for best results. Household water supply pressure is very high.""}]",167293.57,200,,Wrong,"The chatbot's answer focuses on water hammer and the need for a water hammer arrestor, which is not directly related to the issues of uneven load distribution or improper leveling. It does not address the main causes mentioned in the expected reference answer."
lg_wm4200_wm4000_q04,db05a9.pdf,procedural,There is water leaking from my washer. What should I inspect first?,"The manual says water leaking may be caused by hoses that are not connected correctly, clogged house drain pipes, a drain hose that has come out of the drain connector or is not inserted far enough, or oversudsing from detergent. The user should check hoses and connectors for leaks, cracks, and splits, tighten hose connections, check whether water backs up from the drain pipe during draining, secure the drain hose to the inlet hose or standpipe, and use only HE detergent in the correct amount. The normal detergent amount is about 1/4 to 1/2 of the maximum amount recommended by the detergent manufacturer.","First, check the hoses and connectors for leaks, cracks, and splits. Ensure they are connected correctly and tighten any loose hose connections.","[{""source"": ""db05a9.pdf"", ""page"": 36, ""score"": 2.0525, ""snippet"": ""and  the washer for best results. Household water supply pressure is very high. • Adjust household water supply regulator to a lower pressure or contact a plumber. Problem Possible Cause & Solution Water Leaking Hoses are not connected correctly. • Check hoses and connectors for leaks, cracks, and splits. • Check and tighten hose connections. House drain pipes are clogged. • The washer pumps out water very rapidly. Check for water backing up out of the drain pipe  during drain.""}, {""source"": ""db05a9.pdf"", ""page"": 15, ""score"": 1.4875, ""snippet"": ""ation, allow it to stand at room  temperature for several hours before use and  check for leaks prior to operation. • Do not use flood-preven ting hoses with auto  shut off devices. The devices can be tripped  during fill and prevent the washer from filling  properly. How to Connect the Water Inlet  Hoses 1 Check the fittings and seals. Inspect the  threaded fitting on each hose and make sure  there is a rubber seal a in place in both ends  of each hose to prevent leaking.""}, {""source"": ""db05a9.pdf"", ""page"": 29, ""score"": 1.2373, ""snippet"": ""washer wi thout the inlet filters.  Doing so will cause leaks and malfunction. • If you use the washer in an area with hard water,  the inlet filter may clog due to lime buildup and  require more frequent cleaning. 1 Turn off the washer, and unplug the power  cord. 2 Turn off hot and cold water faucets. 3 Unscrew the hot and cold water hoses from  the back of the washer. 4 Remove the filters from the water valves  carefully. • Use pliers to pull ou t the filters from the  water valves.""}, {""source"": ""db05a9.pdf"", ""page"": 30, ""score"": -0.5999, ""snippet"": ""hout the drain filter or with  an incorrectly assembled drain filter may cause  leaks or malfunction of the washer. 1 Turn off the washer, and unplug the power  cord. 2 Open the drain pump filter cover. 3 Drain any remaining water. • Unclip the drain hose and remove the plug  from the drain hose to drain the remaining  water. 4 Remove the pump filter. • Twist the pump filter counterclockwise to  remove. 5 Clean the pump filter and opening. 6 Reassemble the plug onto the drain hose and""}]",74286,200,,Partial,"The chatbot's answer covers the main required steps (checking hoses and connectors for leaks, cracks, and splits, ensuring correct connections, tightening loose connections) but misses important details such as clogged drain pipes, oversudsing from detergent, securing the drain hose, and using only HE detergent in the correct amount."
lg_wm4200_wm4000_q05,db05a9.pdf,tricky,My washer smells musty or moldy. How do I fix it?,"The manual says musty or mildewy odor can happen if incorrect or too much detergent has been used, or if the inside of the drum was not cleaned properly. It recommends using only HE detergent according to the manufacturer’s instructions and running the Tub Clean cycle regularly. The manual says to run Tub Clean monthly to remove residue and prevent odor, and more often under heavy use or if odor is already present. If mildew or musty smell already exists, run Tub Clean once a week for three consecutive weeks. It also recommends wiping the door and door seal after washing, leaving the door open to dry the drum, cleaning the dispenser drawer once or twice a month, cleaning the door seal monthly, and cleaning the drain pump filter regularly.","To fix a musty or moldy smell in your washer, follow these steps:

1. Run the Tub Clean cycle monthly to remove residue and prevent odor.
2. Use only HE (High-Efficiency) detergent as per the manufacturer's instructions.
3. Ensure the inside of the drum is cleaned properly.
4. If you use the washer in an area with hard water, clean the","[{""source"": ""db05a9.pdf"", ""page"": 27, ""score"": 3.0263, ""snippet"": ""e a towel or soft cloth to wipe around the  washer door opening and door glass. • Always remove items from the washer as soon  as the cycle is complete. Leaving damp items in  the washer can cause wrinkling, color transfer,  and odor. Cleaning the Drum Over time, residue may build up in the drum,  leading to mildew or a musty odor. Run the Tub  Clean cycle monthly to remove residue and  prevent odor. NOTE • Make sure to run the Tub Clean cycle only when  the drum is empty.""}, {""source"": ""db05a9.pdf"", ""page"": 39, ""score"": 2.9383, ""snippet"": ""or pre-treating to aid in  stain removal. Musty or mildewy  odor in the washer Incorrect or too much detergent has been used. • Use only HE (High-Efficiency) detergent in accordance with the manufacturer’s  instructions. Inside of the drum was not cleaned properly. • Run the Tub Clean cycle regularly.""}, {""source"": ""db05a9.pdf"", ""page"": 29, ""score"": 0.522, ""snippet"": ""washer wi thout the inlet filters.  Doing so will cause leaks and malfunction. • If you use the washer in an area with hard water,  the inlet filter may clog due to lime buildup and  require more frequent cleaning. 1 Turn off the washer, and unplug the power  cord. 2 Turn off hot and cold water faucets. 3 Unscrew the hot and cold water hoses from  the back of the washer. 4 Remove the filters from the water valves  carefully. • Use pliers to pull ou t the filters from the  water valves.""}, {""source"": ""db05a9.pdf"", ""page"": 17, ""score"": 0.4069, ""snippet"": ""hes (10 cm) beyond the end of the elbow  bracket, mold or microorganisms could  spread to the inside of the washer. 2 Hang the end of the drain hose over the side  of the laundry tub. 3 Use the provided tie strap to secure the drain  hose in place. Leveling the Washer The drum of the washer spins at very high speeds.  To minimize vibration, noise, and unwanted  movement, the floor must be a solid, level surface. CAUTION • Using the washer without leveling it may cause""}]",167126.36,200,,Wrong,"The chatbot's answer is incomplete and does not provide the full steps to fix a musty or moldy smell in the washer as described in the expected reference answer. It only mentions running the Tub Clean cycle monthly, using HE detergent, and cleaning the inside of the drum properly without addressing other important points such as proper detergent use, cleaning residue, and specific solutions for existing odor issues."
